0.000000
1.442947
0.389286
0.284059
0.419028
0.609278
0.468893
0.042731
0.463583
0.449927
0.925834
0.664476
1.247615
3.593069
3.610217
0.855903
1.132057
1.323093
1.073020
0.344921
0.761701
0.597023
0.179862
0.898652
0.414785
0.691689
0.764263
1.108174
1.822511
0.899527
0.694195
1.803038
0.142074
0.835855
1.066922
1.421224
1.398489
1.376656
1.844901
0.944062
6.914998
1.406197
1.835014
0.229004
0.667534
0.232633
1.994657
2.644789
0.678192
1.529976
1.164170
2.460861
1.180037
1.366462
1.637065
0.879756
0.544378
1.560899
0.342359
1.163105
0.591346
0.549374
0.908444
1.631178
0.567556
0.969368
1.924620
1.880368
5.120924
0.979582
2.187705
1.634211
1.271819
0.749347
0.741373
1.586663
1.624970
3.616072
6.104128
6.852614
1.841766
2.606260
1.937782
1.961648
1.501740
0.976905
1.950990
4.106999
1.883211
1.972364
1.198390
1.332671
0.862308
1.138217
1.605222
3.422351
2.444625
1.978660
1.959796
3.614015
0.733103
2.563354
0.614591
2.059042
3.493513
1.096597
3.489968
2.298545
1.642412
1.804802
0.651609
3.779824
2.256795
2.611536
3.167750
4.438716
0.629493
2.807875
2.254098
3.420845
3.794883
5.062507
5.840691
15.018908
28.616680
66.710564
19.747208
6.756158
5.663945
6.609650
3.745047
2.249677
6.286777
1.763724
3.083811
2.586870
2.671727
1.146224
3.457477
1.546771
1.919413
2.476202
2.030457
1.423627
2.636230
2.088307
1.337249
2.065271
1.570147
0.720797
1.699697
3.263984
2.357279
3.537817
0.559322
5.241463
1.537051
0.421982
0.715037
1.473065
0.829304
1.188091
2.287643
1.630741
1.367374
2.098403
1.554522
0.876184
1.895939
0.865947
1.207322
1.813515
0.344733
1.108029
0.661787
1.311150
1.865703
0.518102
1.041789
2.802568
0.729939
1.839458
2.009372
1.246442
0.830620
0.715348
1.151931
0.712543
0.357261
0.820939
0.931475
1.195404
0.156377
1.306230
1.576633
0.901087
1.272472
0.322258
0.883473
0.738924
0.428296
0.764259
0.205244
0.313435
1.180307
0.858696
0.472112
0.331668
0.490331
1.543646
0.697696
1.047742
0.930300
1.744973
0.454558
0.712870
1.047821
0.883047
0.944286
2.019616
0.981170
0.355145
1.547154
1.596691
0.626402
1.164586
1.272055
0.845598
0.737235
0.686304
0.998435
1.150977
0.286737
0.366603
0.929232
0.949344
1.621293
1.842884
0.411503
1.101504
0.271688
1.820331
1.211008
0.881421
1.715532
1.204504
1.085057
1.823783
1.106336
1.266691
0.910549
0.589589
0.591080
0.573399
0.409097
1.406844
END